4 0.5943627450980392 0.1829044117647059 0.1053921568627451 0.15257352941176472
4 0.7818627450980392 0.8520220588235294 0.18137254901960786 0.20404411764705885
4 0.6151960784313726 0.8943014705882354 0.1323529411764706 0.1305147058823529
4 0.5545343137254902 0.8630514705882354 0.21446078431372542 0.12683823529411767
4 0.4558823529411765 0.9136029411764706 0.0784313725490196 0.11029411764705883
4 0.36397058823529416 0.885110294117647 0.049019607843137296 0.11580882352941174
4 0.39338235294117646 0.8676470588235294 0.0367647058823529 0.09191176470588232
4 0.4430147058823529 0.8768382352941176 0.05514705882352935 0.09558823529411768
4 0.14154411764705882 0.8988970588235294 0.060049019607843125 0.09558823529411768
4 0.19975490196078433 0.9053308823529411 0.046568627450980386 0.10845588235294117
4 0.30147058823529416 0.8878676470588235 0.06127450980392158 0.0882352941176471
0 0.4258578431372549 0.3575367647058823 0.2267156862745098 0.39889705882352944
1 0.4644607843137254 0.23713235294117652 0.04411764705882348 0.08455882352941177